# Blender 4.4.1
# www.blender.org
mtllib BudSpacingCuts.mtl
o Cuts.005
v -0.585041 1.995873 0.074233
v -0.588814 1.994548 0.074326
v -0.587491 1.995818 -0.025737
v -0.591264 1.994493 -0.025644
v -0.604911 2.052486 0.074689
v -0.608684 2.051161 0.074782
v -0.607361 2.052431 -0.025281
v -0.611134 2.051106 -0.025188
v -0.257888 1.295947 0.149939
v -0.259529 1.299595 0.149939
v -0.257207 1.296242 0.049942
v -0.258848 1.299890 0.049942
v -0.203169 1.320557 0.150385
v -0.204810 1.324205 0.150384
v -0.202488 1.320852 0.050387
v -0.204129 1.324500 0.050387
v -0.287395 1.248904 0.149061
v -0.291316 1.249693 0.149009
v -0.285688 1.250782 0.049093
v -0.289609 1.251571 0.049041
v -0.275584 1.307716 0.150367
v -0.279506 1.308505 0.150315
v -0.273877 1.309594 0.050399
v -0.277798 1.310382 0.050347
v -0.438793 1.221087 0.228997
v -0.442714 1.221876 0.228944
v -0.437086 1.222965 0.129029
v -0.441007 1.223754 0.128977
v -0.426982 1.279899 0.230303
v -0.430904 1.280688 0.230251
v -0.425275 1.281777 0.130335
v -0.429196 1.282565 0.130283
v -0.461055 1.315627 0.149542
v -0.461608 1.319589 0.149560
v -0.460861 1.316097 0.049544
v -0.461413 1.320058 0.049561
v -0.362014 1.329438 0.149800
v -0.362566 1.333400 0.149818
v -0.361819 1.329908 0.049801
v -0.362372 1.333870 0.049819
vn 0.3312 -0.9435 -0.0076
vn -0.0245 -0.0005 -0.9997
vn -0.3312 0.9435 0.0076
vn 0.0245 0.0005 0.9997
vn 0.9433 0.3312 -0.0233
vn -0.9433 -0.3312 0.0233
vn -0.9120 -0.4102 -0.0074
vn 0.0068 0.0029 -1.0000
vn 0.9120 0.4102 0.0074
vn -0.0068 -0.0029 1.0000
vn 0.4102 -0.9120 0.0001
vn -0.4102 0.9120 -0.0001
vn -0.1968 -0.9802 -0.0218
vn 0.0171 0.0188 -0.9997
vn 0.1968 0.9802 0.0218
vn -0.0171 -0.0188 0.9997
vn 0.9803 -0.1972 0.0130
vn -0.9803 0.1972 -0.0130
vn -0.9904 -0.1381 -0.0026
vn 0.0019 0.0047 -1.0000
vn 0.9904 0.1381 0.0026
vn -0.0019 -0.0047 1.0000
vn 0.1381 -0.9904 -0.0044
vn -0.1381 0.9904 0.0044
vt 0.375000 0.000000
vt 0.625000 0.000000
vt 0.625000 0.250000
vt 0.375000 0.250000
vt 0.625000 0.500000
vt 0.375000 0.500000
vt 0.625000 0.750000
vt 0.375000 0.750000
vt 0.625000 1.000000
vt 0.375000 1.000000
vt 0.125000 0.500000
vt 0.125000 0.750000
vt 0.875000 0.500000
vt 0.875000 0.750000
s 0
f 1/1/1 2/2/1 4/3/1 3/4/1
f 3/4/2 4/3/2 8/5/2 7/6/2
f 7/6/3 8/5/3 6/7/3 5/8/3
f 5/8/4 6/7/4 2/9/4 1/10/4
f 3/11/5 7/6/5 5/8/5 1/12/5
f 8/5/6 4/13/6 2/14/6 6/7/6
f 9/1/7 10/2/7 12/3/7 11/4/7
f 11/4/8 12/3/8 16/5/8 15/6/8
f 15/6/9 16/5/9 14/7/9 13/8/9
f 13/8/10 14/7/10 10/9/10 9/10/10
f 11/11/11 15/6/11 13/8/11 9/12/11
f 16/5/12 12/13/12 10/14/12 14/7/12
f 17/1/13 18/2/13 20/3/13 19/4/13
f 19/4/14 20/3/14 24/5/14 23/6/14
f 23/6/15 24/5/15 22/7/15 21/8/15
f 21/8/16 22/7/16 18/9/16 17/10/16
f 19/11/17 23/6/17 21/8/17 17/12/17
f 24/5/18 20/13/18 18/14/18 22/7/18
f 25/1/13 26/2/13 28/3/13 27/4/13
f 27/4/14 28/3/14 32/5/14 31/6/14
f 31/6/15 32/5/15 30/7/15 29/8/15
f 29/8/16 30/7/16 26/9/16 25/10/16
f 27/11/17 31/6/17 29/8/17 25/12/17
f 32/5/18 28/13/18 26/14/18 30/7/18
f 33/1/19 34/2/19 36/3/19 35/4/19
f 35/4/20 36/3/20 40/5/20 39/6/20
f 39/6/21 40/5/21 38/7/21 37/8/21
f 37/8/22 38/7/22 34/9/22 33/10/22
f 35/11/23 39/6/23 37/8/23 33/12/23
f 40/5/24 36/13/24 34/14/24 38/7/24
