# Blender 4.4.3
# www.blender.org
mtllib BudSpacingCuts.mtl
o BudSpacingCuts
v -0.783068 1.459645 0.035275
v -0.783069 1.459028 0.037178
v -0.786378 1.516631 0.053761
v -0.786379 1.516013 0.055664
v -0.723159 1.462785 0.036321
v -0.723160 1.462168 0.038223
v -0.726469 1.519771 0.054807
v -0.726470 1.519153 0.056709
v 0.010311 1.445414 0.107530
v 0.011969 1.446533 0.107530
v 0.010311 1.445414 0.047530
v 0.011969 1.446533 0.047530
v 0.043863 1.395672 0.107530
v 0.045521 1.396790 0.107530
v 0.043863 1.395672 0.047530
v 0.045521 1.396790 0.047530
v -0.392633 2.092772 0.059132
v -0.390745 2.093422 0.059027
v -0.395602 2.091750 -0.000786
v -0.393714 2.092400 -0.000891
v -0.373099 2.036041 0.059132
v -0.371211 2.036691 0.059027
v -0.376068 2.035019 -0.000786
v -0.374180 2.035669 -0.000891
v 0.418491 1.512746 0.053409
v 0.418178 1.514722 0.053409
v 0.418491 1.512746 -0.006591
v 0.418178 1.514722 -0.006591
v 0.457999 1.519004 0.053409
v 0.457686 1.520979 0.053409
v 0.457999 1.519004 -0.006591
v 0.457686 1.520979 -0.006591
v 0.593439 1.502688 0.154669
v 0.594445 1.501159 0.155477
v 0.646251 1.553985 0.185965
v 0.647257 1.552457 0.186772
v 0.638065 1.497107 0.088508
v 0.639072 1.495579 0.089315
v 0.690878 1.548405 0.119803
v 0.691884 1.546877 0.120611
vn -0.9985 -0.0523 -0.0174
vn -0.0552 0.9498 0.3081
vn 0.9985 0.0523 0.0174
vn 0.0552 -0.9498 -0.3081
vn 0.0004 0.3086 -0.9512
vn -0.0004 -0.3086 0.9512
vn -0.5592 0.8290 -0.0000
vn -0.0000 -0.0000 -1.0000
vn 0.5592 -0.8290 -0.0000
vn -0.0000 -0.0000 1.0000
vn -0.8290 -0.5592 -0.0000
vn 0.8290 0.5592 -0.0000
vn -0.3256 0.9455 -0.0000
vn -0.0495 -0.0170 -0.9986
vn 0.3256 -0.9455 -0.0000
vn 0.0495 0.0170 0.9986
vn -0.9442 -0.3251 0.0523
vn 0.9442 0.3251 -0.0523
vn -0.9877 -0.1565 -0.0000
vn 0.9877 0.1565 -0.0000
vn 0.1564 -0.9877 -0.0000
vn -0.1564 0.9877 -0.0000
vn -0.5578 0.0698 0.8270
vn 0.6602 0.6412 0.3912
vn 0.5578 -0.0697 -0.8270
vn -0.6602 -0.6412 -0.3912
vn -0.5030 0.7642 -0.4037
vn 0.5030 -0.7642 0.4037
vt 0.375000 0.000000
vt 0.625000 0.000000
vt 0.625000 0.250000
vt 0.375000 0.250000
vt 0.625000 0.500000
vt 0.375000 0.500000
vt 0.625000 0.750000
vt 0.375000 0.750000
vt 0.625000 1.000000
vt 0.375000 1.000000
vt 0.125000 0.500000
vt 0.125000 0.750000
vt 0.875000 0.500000
vt 0.875000 0.750000
s 0
f 1/1/1 2/2/1 4/3/1 3/4/1
f 3/4/2 4/3/2 8/5/2 7/6/2
f 7/6/3 8/5/3 6/7/3 5/8/3
f 5/8/4 6/7/4 2/9/4 1/10/4
f 3/11/5 7/6/5 5/8/5 1/12/5
f 8/5/6 4/13/6 2/14/6 6/7/6
f 9/1/7 10/2/7 12/3/7 11/4/7
f 11/4/8 12/3/8 16/5/8 15/6/8
f 15/6/9 16/5/9 14/7/9 13/8/9
f 13/8/10 14/7/10 10/9/10 9/10/10
f 11/11/11 15/6/11 13/8/11 9/12/11
f 16/5/12 12/13/12 10/14/12 14/7/12
f 17/1/13 18/2/13 20/3/13 19/4/13
f 19/4/14 20/3/14 24/5/14 23/6/14
f 23/6/15 24/5/15 22/7/15 21/8/15
f 21/8/16 22/7/16 18/9/16 17/10/16
f 19/11/17 23/6/17 21/8/17 17/12/17
f 24/5/18 20/13/18 18/14/18 22/7/18
f 25/1/19 26/2/19 28/3/19 27/4/19
f 27/4/8 28/3/8 32/5/8 31/6/8
f 31/6/20 32/5/20 30/7/20 29/8/20
f 29/8/10 30/7/10 26/9/10 25/10/10
f 27/11/21 31/6/21 29/8/21 25/12/21
f 32/5/22 28/13/22 26/14/22 30/7/22
f 33/1/23 34/2/23 36/3/23 35/4/23
f 35/4/24 36/3/24 40/5/24 39/6/24
f 39/6/25 40/5/25 38/7/25 37/8/25
f 37/8/26 38/7/26 34/9/26 33/10/26
f 35/11/27 39/6/27 37/8/27 33/12/27
f 40/5/28 36/13/28 34/14/28 38/7/28
